 ===== tests/network10.txt =====
Reading 10000 labels
Reading 10000 images
Score: 0.9373
Confusion matrix:
Predicted / Real ->
|
v
 	0	1	2	3	4	5	6	7	8	9
0	956	0	14	6	4	16	16	5	14	9
1	0	1113	3	0	1	3	5	9	4	9
2	1	5	960	19	5	5	3	22	3	0
3	0	2	13	916	2	23	0	10	14	12
4	1	1	5	0	926	5	6	3	7	25
5	6	2	1	23	0	799	10	1	12	7
6	7	4	6	2	11	13	914	1	4	1
7	3	2	9	11	3	3	0	956	4	7
8	5	6	20	23	4	20	4	5	907	13
9	1	0	1	10	26	5	0	16	5	926
 ===== tests/network11.txt =====
Reading 10000 labels
Reading 10000 images
Score: 0.9535
Confusion matrix:
Predicted / Real ->
|
v
 	0	1	2	3	4	5	6	7	8	9
0	960	0	16	8	1	3	7	4	5	6
1	0	1114	1	1	1	1	4	10	1	5
2	1	4	962	9	3	0	0	10	4	0
3	1	5	9	947	0	11	1	7	15	17
4	1	1	5	0	942	1	5	4	4	14
5	2	1	2	24	3	850	13	0	11	5
6	10	2	4	1	9	11	922	0	8	3
7	2	2	8	7	2	1	0	976	3	9
8	3	6	21	9	2	11	6	2	920	8
9	0	0	4	4	19	3	0	15	3	942
 ===== tests/network12.txt =====
Reading 10000 labels
Reading 10000 images
Score: 0.9454
Confusion matrix:
Predicted / Real ->
|
v
 	0	1	2	3	4	5	6	7	8	9
0	963	0	9	2	3	7	8	0	5	8
1	0	1114	5	1	0	2	2	11	1	3
2	1	2	967	18	7	1	6	18	13	1
3	1	2	9	943	1	26	0	6	10	9
4	3	1	10	1	940	11	6	10	4	33
5	0	1	2	16	0	802	7	1	8	5
6	8	6	9	0	4	11	921	0	6	2
7	1	2	9	11	6	4	1	967	9	16
8	3	7	11	15	3	23	7	5	914	9
9	0	0	1	3	18	5	0	10	4	923
 ===== tests/network13.txt =====
Reading 10000 labels
Reading 10000 images
Score: 0.9472
Confusion matrix:
Predicted / Real ->
|
v
 	0	1	2	3	4	5	6	7	8	9
0	961	0	14	4	2	5	7	3	4	7
1	1	1123	6	1	3	1	1	9	8	6
2	2	0	945	9	5	1	4	19	5	1
3	2	4	20	960	1	20	1	5	21	9
4	1	0	8	1	921	5	4	4	6	13
5	4	1	2	7	1	825	8	2	15	4
6	6	4	14	3	16	18	933	0	13	0
7	1	1	10	6	0	2	0	963	7	7
8	2	2	11	15	4	6	0	5	891	12
9	0	0	2	4	29	9	0	18	4	950
 ===== tests/network14.txt =====
Reading 10000 labels
Reading 10000 images
Score: 0.9445
Confusion matrix:
Predicted / Real ->
|
v
 	0	1	2	3	4	5	6	7	8	9
0	961	0	7	3	1	10	14	2	5	8
1	0	1120	6	0	1	1	2	10	2	8
2	1	3	974	24	4	5	5	15	7	1
3	2	3	8	925	0	13	1	3	18	10
4	4	1	5	0	930	6	12	5	5	23
5	3	2	3	23	0	824	10	0	14	10
6	7	2	3	2	8	11	906	0	5	0
7	1	2	15	16	7	4	1	975	8	17
8	1	2	9	14	3	11	6	3	904	6
9	0	0	2	3	28	7	1	15	6	926
 ===== tests/network15.txt =====
Reading 10000 labels
Reading 10000 images
Score: 0.9379
Confusion matrix:
Predicted / Real ->
|
v
 	0	1	2	3	4	5	6	7	8	9
0	961	0	12	7	1	10	13	1	6	10
1	0	1115	2	0	1	0	1	8	7	6
2	1	3	950	20	6	3	7	15	4	0
3	1	3	13	932	0	23	2	14	16	11
4	0	1	12	1	927	3	12	6	8	25
5	5	3	0	19	0	816	10	2	15	9
6	3	2	11	1	9	13	906	1	14	3
7	6	2	16	13	3	7	0	969	14	15
8	2	6	16	12	5	11	7	2	877	4
9	1	0	0	5	30	6	0	10	13	926
 ===== tests/network16.txt =====
Reading 10000 labels
Reading 10000 images
Score: 0.8181
Confusion matrix:
Predicted / Real ->
|
v
 	0	1	2	3	4	5	6	7	8	9
0	944	0	17	6	1	64	32	11	16	7
1	0	1090	15	1	6	17	3	19	13	6
2	5	16	855	54	11	22	8	30	24	4
3	4	4	10	767	5	46	2	9	126	14
4	3	2	27	9	819	37	21	9	36	98
5	5	0	2	68	4	568	7	4	54	17
6	10	8	30	12	39	41	867	1	26	7
7	1	2	25	37	2	37	1	884	27	64
8	8	10	49	36	14	45	16	23	611	16
9	0	3	2	20	81	15	1	38	41	776
 ===== tests/network17.txt =====
Reading 10000 labels
Reading 10000 images
Score: 0.2053
Confusion matrix:
Predicted / Real ->
|
v
 	0	1	2	3	4	5	6	7	8	9
0	1	2	4	1	1	0	2	2	0	0
1	61	458	61	136	65	126	18	106	78	55
2	26	0	2	17	16	22	27	2	3	1
3	115	145	76	272	87	147	60	21	124	34
4	9	2	4	1	26	3	9	3	1	15
5	0	0	0	0	0	0	0	0	0	0
6	617	135	584	497	315	398	681	279	582	226
7	150	392	301	86	471	196	161	613	186	678
8	1	0	0	0	0	0	0	0	0	0
9	0	1	0	0	1	0	0	2	0	0
 ===== tests/network18.txt =====
Reading 10000 labels
Reading 10000 images
Score: 0.1385
Confusion matrix:
Predicted / Real ->
|
v
 	0	1	2	3	4	5	6	7	8	9
0	88	96	79	12	0	24	26	19	17	15
1	73	172	149	140	255	151	224	203	189	208
2	803	427	718	787	261	605	585	181	640	381
3	0	0	0	0	0	0	0	0	0	0
4	1	12	6	0	3	1	0	11	5	1
5	0	0	0	0	0	0	0	0	0	0
6	0	0	0	0	0	0	0	0	0	0
7	0	0	0	0	0	0	0	0	0	0
8	0	0	0	0	0	0	0	0	0	0
9	15	428	80	71	463	111	123	614	123	404
 ===== tests/network19.txt =====
Reading 10000 labels
Reading 10000 images
Score: 0.9237
Confusion matrix:
Predicted / Real ->
|
v
 	0	1	2	3	4	5	6	7	8	9
0	951	0	13	3	1	11	20	3	6	12
1	0	1098	0	0	0	3	2	9	3	5
2	1	5	948	29	5	9	8	25	6	0
3	2	5	8	894	2	35	0	4	14	9
4	1	0	10	1	919	5	10	5	6	36
5	6	2	3	26	1	770	14	0	15	7
6	9	4	14	6	12	15	899	0	7	1
7	3	3	8	22	7	7	0	948	4	21
8	7	18	26	26	7	32	5	7	908	16
9	0	0	2	3	28	5	0	27	5	902
 ===== tests/network1.txt =====
Reading 10000 labels
Reading 10000 images
Score: 0.9403
Confusion matrix:
Predicted / Real ->
|
v
 	0	1	2	3	4	5	6	7	8	9
0	950	0	12	1	0	9	3	1	3	8
1	0	1109	8	2	1	3	1	16	2	6
2	2	1	941	14	2	3	1	21	0	0
3	1	2	11	946	0	14	1	6	11	8
4	3	1	10	0	943	10	11	8	6	38
5	1	0	1	7	0	793	7	0	7	2
6	13	5	11	3	10	16	928	1	14	1
7	5	2	9	10	0	4	0	959	4	10
8	4	15	25	21	8	33	6	4	922	24
9	1	0	4	6	18	7	0	12	5	912
 ===== tests/network20.txt =====
Reading 10000 labels
Reading 10000 images
Score: 0.8238
Confusion matrix:
Predicted / Real ->
|
v
 	0	1	2	3	4	5	6	7	8	9
0	919	0	26	17	1	41	44	7	18	14
1	0	1100	10	2	3	9	5	7	18	4
2	8	6	853	31	8	27	19	44	45	15
3	10	3	51	842	1	92	4	6	101	19
4	3	2	7	0	864	15	33	15	28	97
5	14	0	1	54	7	607	18	5	67	20
6	10	3	33	2	29	35	821	1	32	1
7	8	2	23	26	7	25	6	907	23	78
8	7	18	24	23	4	27	8	2	578	14
9	1	1	4	13	58	14	0	34	64	747
 ===== tests/network21.txt =====
Reading 10000 labels
Reading 10000 images
Score: 0.1697
Confusion matrix:
Predicted / Real ->
|
v
 	0	1	2	3	4	5	6	7	8	9
0	2	29	13	1	14	3	6	4	4	7
1	464	1029	476	766	336	465	517	376	441	422
2	34	0	5	1	11	8	14	9	0	6
3	5	1	2	16	6	6	7	7	2	0
4	17	33	31	6	43	8	15	47	24	24
5	8	1	4	2	21	6	2	0	5	2
6	31	5	9	0	6	13	18	7	1	3
7	416	33	489	217	544	381	376	577	497	544
8	0	0	0	0	0	0	0	1	0	0
9	3	4	3	1	1	2	3	0	0	1
 ===== tests/network22.txt =====
Reading 10000 labels
Reading 10000 images
Score: 0.1026
Confusion matrix:
Predicted / Real ->
|
v
 	0	1	2	3	4	5	6	7	8	9
0	0	0	0	0	0	0	0	0	0	0
1	0	0	0	0	0	0	0	0	0	0
2	103	1	59	383	377	275	19	102	204	294
3	0	0	0	0	0	0	0	0	0	0
4	0	0	0	0	0	0	0	0	0	0
5	0	0	0	0	0	0	0	0	0	0
6	831	1129	930	524	567	553	918	904	701	669
7	0	0	0	0	0	0	0	0	0	0
8	5	0	4	13	7	6	3	3	7	4
9	41	5	39	90	31	58	18	19	62	42
 ===== tests/network2.txt =====
Reading 10000 labels
Reading 10000 images
Score: 0.9452
Confusion matrix:
Predicted / Real ->
|
v
 	0	1	2	3	4	5	6	7	8	9
0	949	0	8	4	1	10	11	1	1	6
1	0	1117	2	4	1	1	3	7	1	4
2	2	1	948	13	2	4	5	17	6	0
3	1	4	11	930	1	15	0	3	9	9
4	2	0	11	2	938	3	9	5	5	32
5	7	1	1	26	0	833	18	0	10	10
6	9	2	9	2	9	7	906	0	6	1
7	4	2	17	11	1	2	0	981	12	8
8	5	8	21	18	3	10	6	4	923	12
9	1	0	4	0	26	7	0	10	1	927
 ===== tests/network3.txt =====
Reading 10000 labels
Reading 10000 images
Score: 0.089
Confusion matrix:
Predicted / Real ->
|
v
 	0	1	2	3	4	5	6	7	8	9
0	0	0	0	0	0	0	0	0	0	0
1	0	0	0	0	0	0	0	0	0	0
2	0	0	0	0	0	0	0	0	0	0
3	0	0	0	0	0	1	0	0	0	0
4	0	0	0	0	0	0	0	0	0	0
5	969	1134	1018	1008	974	886	954	1020	974	997
6	11	1	14	2	8	5	4	8	0	12
7	0	0	0	0	0	0	0	0	0	0
8	0	0	0	0	0	0	0	0	0	0
9	0	0	0	0	0	0	0	0	0	0
 ===== tests/network4.txt =====
Reading 10000 labels
Reading 10000 images
Score: 0.0958
Confusion matrix:
Predicted / Real ->
|
v
 	0	1	2	3	4	5	6	7	8	9
0	0	0	0	0	0	0	0	0	0	0
1	0	0	0	0	0	0	0	0	0	0
2	0	0	0	0	0	0	0	0	0	0
3	0	0	0	0	0	0	0	0	0	0
4	0	0	0	0	0	0	0	0	0	0
5	0	0	0	0	0	0	0	0	0	0
6	980	1135	1032	1010	982	892	958	1028	974	1009
7	0	0	0	0	0	0	0	0	0	0
8	0	0	0	0	0	0	0	0	0	0
9	0	0	0	0	0	0	0	0	0	0
 ===== tests/network5.txt =====
Reading 10000 labels
Reading 10000 images
Score: 0.1009
Confusion matrix:
Predicted / Real ->
|
v
 	0	1	2	3	4	5	6	7	8	9
0	0	0	0	0	0	0	0	0	0	0
1	0	0	0	0	0	0	0	0	0	0
2	0	0	0	0	0	0	0	0	0	0
3	0	0	0	0	0	0	0	0	0	0
4	0	0	0	0	0	0	0	0	0	0
5	0	0	0	0	0	0	0	0	0	0
6	0	0	0	0	0	0	0	0	0	0
7	0	0	0	0	0	0	0	0	0	0
8	0	0	0	0	0	0	0	0	0	0
9	980	1135	1032	1010	982	892	958	1028	974	1009
 ===== tests/network6.txt =====
Reading 10000 labels
Reading 10000 images
Score: 0.9317
Confusion matrix:
Predicted / Real ->
|
v
 	0	1	2	3	4	5	6	7	8	9
0	952	1	8	2	1	8	12	1	12	5
1	1	1119	3	2	3	2	3	12	6	6
2	2	2	939	14	3	5	6	21	10	0
3	0	6	22	950	0	46	2	12	28	15
4	1	0	15	1	917	4	5	3	5	20
5	7	2	4	12	2	785	6	2	25	14
6	11	2	15	3	15	16	923	0	18	2
7	4	1	15	11	7	1	0	958	9	20
8	1	2	11	15	4	14	0	1	854	7
9	1	0	0	0	30	11	1	18	7	920
 ===== tests/network7.txt =====
Reading 10000 labels
Reading 10000 images
Score: 0.9292
Confusion matrix:
Predicted / Real ->
|
v
 	0	1	2	3	4	5	6	7	8	9
0	939	0	15	3	2	10	13	2	8	9
1	0	1110	6	1	0	3	2	8	6	8
2	2	4	934	10	5	3	5	23	6	0
3	3	4	17	949	0	51	1	5	22	17
4	5	1	12	2	938	9	5	3	9	48
5	13	2	6	14	0	760	12	2	8	6
6	11	6	13	0	13	10	910	2	17	0
7	4	1	12	15	1	6	1	970	6	17
8	2	7	15	12	5	35	9	2	887	9
9	1	0	2	4	18	5	0	11	5	895
 ===== tests/network8.txt =====
Reading 10000 labels
Reading 10000 images
Score: 0.9582
Confusion matrix:
Predicted / Real ->
|
v
 	0	1	2	3	4	5	6	7	8	9
0	970	0	10	3	3	8	8	2	6	4
1	0	1118	2	0	1	1	1	6	3	4
2	2	3	971	11	2	1	3	18	1	1
3	1	5	15	964	0	14	0	7	16	11
4	0	1	3	1	945	0	8	4	4	13
5	1	1	4	16	0	843	12	1	9	10
6	1	3	8	1	10	9	917	0	5	1
7	3	1	8	7	2	2	0	981	5	8
8	2	3	11	5	3	9	9	1	922	6
9	0	0	0	2	16	5	0	8	3	951
 ===== tests/network9.txt =====
Reading 10000 labels
Reading 10000 images
Score: 0.9581
Confusion matrix:
Predicted / Real ->
|
v
 	0	1	2	3	4	5	6	7	8	9
0	963	0	8	0	2	4	8	2	11	7
1	0	1122	1	4	1	0	5	8	3	5
2	1	2	989	11	7	1	3	15	4	3
3	1	5	6	956	0	14	0	4	11	9
4	0	1	4	1	930	1	4	2	6	12
5	4	2	0	17	1	854	10	2	8	8
6	6	2	4	1	7	6	923	1	5	1
7	1	1	11	7	2	3	0	974	5	5
8	3	0	8	7	4	7	5	3	915	4
9	1	0	1	6	28	2	0	17	6	955
